2018-07-15 113 129 -16 129666
2018-07-16 2485 345 2140 131806
2018-07-17 1366 271 1095 132901
2018-07-18 2289 295 1994 134895
2018-07-19 1433 304 1129 136024
2018-07-20 478 156 322 136346
2018-07-21 350 194 156 136502
2018-07-22 226 121 105 136607
2018-07-23 1119 230 889 137496
2018-07-24 1269 263 1006 138502
2018-07-25 1671 295 1376 139878
2018-07-26 570 184 386 140264
2018-07-27 290 155 135 140399
2018-07-28 253 149 104 140503
2018-07-29 143 116 27 140530
2018-07-30 140 119 21 140551
2018-07-31 108 125 -17 140534
2018-08-01 599 159 440 140974
2018-08-02 193 143 50 141024
2018-08-03 102 121 -19 141005
2018-08-04 76 112 -36 140969
2018-08-05 55 107 -52 140917
2018-08-06 83 112 -29 140888
2018-08-07 69 95 -26 140862
2018-08-08 1592 253 1339 142201
2018-08-09 495 139 356 142557
2018-08-10 191 120 71 142628
2018-08-11 104 113 -9 142619
2018-08-12 80 123 -43 142576
2018-08-13 103 120 -17 142559
2018-08-14 55 101 -46 142513
